image: real_orchard_1.pgm
resolution: 0.050000
origin: [-4.700000, -6.200000, 0]
negate: 0
occupied_thresh: 0.65
free_thresh: 0.196

