image: orchard_real.pgm
resolution: 0.100000
origin: [-26.300000, -10.400000, 0]
negate: 0
occupied_thresh: 0.65
free_thresh: 0.196

