image: real_orchard_2.pgm
resolution: 0.050000
origin: [-2.750000, -3.000000, 0]
negate: 0
occupied_thresh: 0.65
free_thresh: 0.196

